53,25
53,24
53,23
53,22
53,21
53,20
53,19
53,18
53,17
53,16
53,15
100,4
100,3
100,2
100,1
100,0
99,6
99,5
99,4
99,3
99,2
99,1
99,0
0,533
98,4
98,3
98,2
98,1
98,0
97,4
97,3
97,2
97,1
97,0
96,6
96,5
96,4
96,3
96,2
96,1
96,0
95,5
95,4
95,3
95,2
95,1
95,0
94,4
94,3
94,2
94,1
94,0
93,4
93,3
93,2
93,1
93,0
0,532
0,531
0,530
0,529
92,4
92,3
92,2
92,1
92,0
0,528
0,527
91,4
91,3
91,2
91,1
91,0
0,526
0,525
0,524
90,5
90,4
90,3
90,2
90,1
90,0
0,523
0,522
89,3
89,2
89,1
89,0
88,3
88,2
88,1
88,0
87,3
87,2
87,1
87,0
86,6
86,5
86,4
86,3
86,2
86,1
86,0
85,3
85,2
85,1
85,0
0,521
0,520
84,4
84,3
84,2
84,1
84,0
83,3
83,2
83,1
83,0
0,519
0,518
0,517
82,4
82,3
82,2
82,1
82,0
0,516
0,515
0,514
81,6
81,5
81,4
81,3
81,2
0,513
81,1
81,0
0,512
0,511
80,5
80,4
80,3
80,2
80,1
80,0
79,4
79,3
79,2
79,1
79,0
78,4
78,3
78,2
78,1
78,0
77,4
77,3
77,2
77,1
77,0
0,510
0,509
76,3
76,2
0,508
76,1
76,0
0,507
0,506
0,505
0,504
0,503
75,3
75,2
75,1
75,0
0,502
0,501
0,500
0,499
0,498
0,497
0,496
0,495
74,4
74,3
74,2
74,1
74,0
0,494
0,493
0,492
0,491
0,490
73,5
73,4
73,3
73,2
0,489
73,1
73,0
0,488
0,487
0,486
